96
1_1     1     1    -0.5092         0.2919        76.2257 
1_1     2     1    -0.3471        -0.0030        68.5254
1_1     3     0    -0.7447         0.1617        64.4240
1_1     4     1    -0.5162        -0.0078        12.4146
1_2     1     1    -1.3656        -0.0977        64.1178
1_2     2     0    -1.0694         0.4676        24.7676
1_2     3     0    -1.5281        -0.1729        47.8058
1_2     4     1    -0.8340         0.2639        28.0504
1_3     1     1   -10.8376         0.3732        20.1767
1_3     2     0   -13.1658         0.0028        32.1886
1_3     3     1    -3.8528         0.4154        42.4877 
1_3     4     1    -6.3566        -0.0005        61.0939
1_4     1     0    14.2054         0.2085        23.0050 
1_4     2     0     6.1565        -0.0071        13.2300
1_4     3     1     2.6179        -0.1489        50.9020
1_4     4     0     4.0544        -0.1815        46.1365
1_5     1     1     1.4901         0.0514        35.1177
1_5     2     0     1.5475        -0.0543        67.9063
1_5     3     0     1.6204         0.4924        20.9844
1_5     4     0     1.3619        -0.0262        56.7767
1_6     1     1     0.9421        -0.2395        10.7115
1_6     2     0     0.9442        -0.1106        57.4432
1_6     3     1     0.9913         0.1566        27.2931
1_6     4     1     0.6137         0.4317        11.6666
2_1     1     0    -0.2062        -0.2085        30.8425
2_1     2     0    -0.1996         0.1552        71.3183
2_1     3     1    -0.1529         0.3900        38.3467
2_1     4     1    -0.2149        -0.1954        30.8273
2_2     1     1    -0.2312         0.1165        25.2269  
2_2     2     0    -0.2412         0.4618        33.4577
2_2     3     1    -0.3534        -0.0860        49.5536
2_2     4     0    -0.1348        -0.1776        27.2554
2_3     1     1   -18.1710         0.1154        73.9752
2_3     2     0   -19.1545         0.0836        79.2739
2_3     3     0   -14.8423         0.4159        13.8875
2_3     4     1    -2.2801        -0.0855        46.3936
2_4     1     0     1.2340        -0.1623        48.4780       
2_4     2     1     2.1652         0.1656        77.3000
2_4     3     1    10.3468        -0.1244        10.4258
2_4     4     1     6.6638        -0.0997        45.3843
2_5     1     1     0.6027         0.2924        31.5545
2_5     2     0     0.5324        -0.1387        52.7551
2_5     3     0     0.6549         0.0388        53.8262
2_5     4     1     0.4887         0.3531        34.7762
2_6     1     0     0.1188         0.0800        13.0278
2_6     2     0     0.2372         0.2762        25.9908
2_6     3     0     0.3719         0.3979        40.9462
2_6     4     1     0.5837         0.1628        16.0585
3_1     1     1     0.3964        -0.2425        45.3884
3_1     2     0     0.3076         0.2965        66.3886
3_1     3     0     0.4387         0.2249        17.8791
3_1     4     1     0.3285         0.4637        56.7605
3_2     1     0     0.6545        -0.2067        59.9194
3_2     2     0     0.3215         0.1227        61.7781
3_2     3     1     0.2511         0.0843        11.4414
3_2     4     1     0.5869         0.1649        24.6289
3_3     1     1    12.2659         0.3678        40.4577
3_3     2     1     1.0388        -0.4979        57.3633
3_3     3     0     4.7374         0.2769        35.5279
3_3     4     0    13.4043         0.4743        14.6418
3_4     1     1    -8.9023        -0.4963        40.2949
3_4     2     0    -7.0928         0.3091        63.2247
3_4     3     1   -16.1387         0.0815        24.9856
3_4     4     0    -0.8084        -0.1317        26.8564
3_5     1     1    -0.1082        -0.0649        58.5167
3_5     2     1    -0.2563         0.1197        24.0775
3_5     3     0    -0.2684         0.4114        77.8399
3_5     4     1    -0.1079         0.2126        39.8015
3_6     1     0    -0.1269         0.0577        40.4291    
3_6     2     1    -0.1927         0.1610        38.6640
3_6     3     1    -0.2544         0.0349        16.5988
3_6     4     0    -0.2486        -0.0902        58.4097
4_1     1     1     0.6418        -0.1783        79.7267
4_1     2     1     0.9909         0.1131        66.8855
4_1     3     0     0.6780         0.0254        53.3804
4_1     4     0     0.6972         0.2915        50.7979
4_2     1     1     1.2678        -0.2413        66.5235
4_2     2     0     0.7835         0.2502        25.8840
4_2     3     1     1.1122        -0.1163        14.8731
4_2     4     0     1.2618         0.4160        38.9887
4_3     1     1     4.0229         0.3133        94.9939
4_3     2     0    15.4630        -0.2276        91.6631
4_3     3     1    12.4368         0.0704        15.4757
4_3     4     0    13.7490         0.1991        14.2946
4_4     1     0    -5.3429         0.2469        68.1760
4_4     2     0   -17.1240         0.2089        64.4778
4_4     3     0   -15.5823        -0.0608        64.2372
4_4     4     1    -5.4151         0.4260        59.3991
4_5     1     1    -0.8479         0.4758        32.2831
4_5     2     0    -0.7483         0.1044        10.9329
4_5     3     1    -1.2802         0.2470        67.1976
4_5     4     1    -0.8025         0.0304        52.4203
4_6     1     1    -0.8720         0.0531        63.1698
4_6     2     0    -0.6926        -0.1394        23.0040
4_6     3     0    -0.6579         0.4335        78.1792
4_6     4     1    -0.4008         0.1219        70.3532
